#3	10	100	1000
-0.2333333333333334	0.24000000000000007	0.5200000000000002	0.5290999999999972
0.13333333333333333	0.5000000000000001	0.5500000000000003	0.536799999999998
0.06666666666666667	0.4600000000000001	0.5250000000000006	0.5244999999999974
0.06666666666666665	0.24	0.4970000000000006	0.5229999999999975
0.5	0.39	0.5340000000000004	0.5183999999999969
0.06666666666666665	0.6100000000000001	0.4900000000000002	0.538699999999998
0.5	0.3900000000000001	0.4440000000000006	0.5351999999999981
0.5	0.5900000000000001	0.5440000000000006	0.48529999999999573
0.06666666666666665	0.22000000000000006	0.5350000000000006	0.5369999999999979
0.5	0.48	0.5030000000000003	0.5194999999999976
0.13333333333333333	0.3500000000000001	0.5070000000000005	0.5340999999999986
0.5	0.45999999999999996	0.42100000000000004	0.5204999999999972
0.5	0.33000000000000007	0.4760000000000003	0.5162999999999974
0.5	0.26000000000000006	0.46200000000000047	0.517299999999997
1.0	0.55	0.4880000000000004	0.5352999999999974
0.5	0.5700000000000001	0.4940000000000003	0.5270999999999973
0.13333333333333333	0.37	0.5470000000000004	0.5470999999999981
#1.0	0.22000000000000003	0.4270000000000007	0.5064999999999968
0.5	0.3500000000000001	0.5330000000000006	0.5599999999999995
0.06666666666666667	0.52	0.5080000000000002	0.5413999999999981
-0.2333333333333334	0.35	0.5250000000000002	0.5241999999999969
#-0.2333333333333334	0.24000000000000005	0.8550000000000001	0.5442000000000002
0.5	0.15	0.49500000000000044	0.5579999999999993
0.13333333333333333	0.5700000000000001	0.5300000000000008	0.5303999999999981
0.5	0.4600000000000001	0.6080000000000004	0.550899999999998
0.5	0.4600000000000001	0.5080000000000005	0.5081999999999968
0.5	0.5	0.5690000000000002	0.5701999999999992
0.5	0.4800000000000001	0.4900000000000004	0.5161999999999973
0.13333333333333333	0.35000000000000003	0.5830000000000005	0.6653000000000042
